2.0 34.94558758736979
1.99 34.857119200647574
1.98 34.76828562656666
1.97 34.67933618546549
1.96 34.58952209163843
1.95 34.4995670873836
1.94 34.4104301850295
1.93 34.318541049345626
1.92 34.22744560569504
1.91 34.135950987941456
1.9 34.044060581025796
1.89 33.95174758183396
1.88 33.85903075204465
1.87 33.765883646445566
1.86 33.67232513092655
1.85 33.578327462108355
1.84 33.483899714986954
1.83 33.38899648185929
1.82 33.29367469268191
1.81 33.1978865508171
1.8 33.10241727857936
1.79 33.004873230912175
1.78 32.907668199453134
1.77 32.80996176450376
1.76 32.711765288314176
1.75 32.61305786026972
1.74 32.51383619741493
1.73 32.41407491286653
1.72 32.313801733349926
1.71 32.21299248574569
1.7 32.11162391983894
1.69 32.009701745584735
1.68 31.907195897150416
1.67 31.804122243065024
1.66 31.700462685481305
1.65 31.596181224431184
1.64 31.491313869513125
1.63 31.38579859416195
1.62 31.279672307684027
1.61 31.172874968559945
1.6 31.06542387286251
1.59 30.957301165006367
1.58 30.84849383347223
1.57 30.73897840680863
1.56 30.6287576444369
1.55 30.51779263053009
1.54 30.40608371092481
1.53 30.29360778300084
1.52 30.18037447816074
1.51 30.066333013170123
1.5 29.951472385253293
1.49 29.83602635821295
1.48 29.7192444817891
1.47 29.60183967755697
1.46 29.48353487207672
1.45 29.364315950473344
1.44 29.244165189244576
1.43 29.123048890418907
1.42 29.0009527624601
1.41 28.877852912706103
1.4 28.753717732162055
1.39 28.631613392498533
1.38 28.502227932639883
1.37 28.374809406543992
1.36 28.246246680798777
1.35 28.116493038006027
1.34 27.98551526876231
1.33 27.853281727210426
1.32 27.71976254546554
1.31 27.58653830428538
1.3 27.448670542253968
1.29 27.31102903078961
1.28 27.171903718056004
1.27 27.03127567683863
1.26 26.889068348221713
1.25 26.74523803585608
1.24 26.599738102748102
1.23 26.452486001189932
1.22 26.303433021818226
1.21 26.152503401483806
1.2 25.999616239525423
1.19 25.84470137012483
1.18 25.68766822848775
1.17 25.528434132260116
1.16 25.36688526787337
1.15 25.20294830062341
1.14 25.036485555519338
1.13 24.867374006246457
1.12 24.695485496794856
1.11 24.520689499575877
1.1 24.34282169442541
1.09 24.161715295814446
1.08 23.977181567892302
1.07 23.78902078867357
1.06 23.59700238018353
1.05 23.400897865754168
1.04 23.20039935055464
1.03 22.995223488200715
1.02 22.78501557582529
1.01 22.569376301046752
1.0 22.34788082520683
0.99 22.12000638709732
0.98 21.886208619991184
0.97 21.642717916492007
0.96 21.39182333287155
0.95 21.131557067348382
0.94 20.860790033157325
0.93 20.578147967462037
0.92 20.28192769124782
0.91 19.969969436473175
0.9 19.639532196884094
0.89 19.28689275313456
0.88 18.906997591741845
0.87 18.49250852953414
0.86 18.03215615558423
0.85 17.506979405238376
0.84 16.880463603197224
0.83 16.062055596677187
0.82 14.591396414983642
0.81 0.0
0.8 0.0
0.79 0.0
0.78 0.0
0.77 0.0
0.76 0.0
0.75 0.0
0.74 0.0
0.73 0.0
0.72 0.0
0.71 0.0
0.7 0.0
0.69 0.0
0.68 0.0
0.67 0.0
0.66 0.0
0.65 0.0
0.64 0.0
0.63 0.0
0.62 0.0
0.61 0.0
0.6 0.0
0.59 0.0
0.58 0.0
0.57 0.0
0.56 0.0
0.55 0.0
0.54 0.0
0.53 0.0
0.52 0.0
0.51 0.0
0.5 0.0
0.49 0.0
0.48 0.0
0.47 0.0
0.46 0.0
0.45 0.0
0.44 0.0
0.43 0.0
0.42 0.0
0.41 0.0
0.4 0.0
0.39 0.0
0.38 0.0
0.37 0.0
0.36 0.0
0.35 0.0
0.34 0.0
0.33 0.0
0.32 0.0
0.31 0.0
0.3 0.0
0.29 0.0
0.28 0.0
0.27 0.0
0.26 0.0
0.25 0.0
0.24 0.0
0.23 0.0
0.22 0.0
0.21 0.0
0.2 0.0
0.19 0.0
0.18 0.0
0.17 0.0
0.16 0.0
0.15 0.0
0.14 0.0
0.13 0.0
0.12 0.0
0.11 0.0
0.1 0.0
0.09 0.0
0.08 0.0
0.07 0.0
0.06 0.0
0.05 0.0
0.04 0.0
0.03 0.0
0.02 0.0
0.01 0.0
0.0 0.0
