0.0 0.0
0.01 0.0
0.02 0.0
0.03 0.0
0.04 0.0
0.05 0.0
0.06 0.0
0.07 0.0
0.08 0.0
0.09 0.0
0.1 0.0
0.11 0.0
0.12 0.0
0.13 0.0
0.14 0.0
0.15 0.0
0.16 0.0
0.17 0.0
0.18 0.0
0.19 0.0
0.2 0.0
0.21 0.0
0.22 0.0
0.23 0.0
0.24 0.0
0.25 0.0
0.26 0.0
0.27 0.0
0.28 0.0
0.29 0.0
0.3 0.0
0.31 0.0
0.32 0.0
0.33 0.0
0.34 0.0
0.35 0.0
0.36 0.0
0.37 0.0
0.38 0.0
0.39 0.0
0.4 0.0
0.41 0.0
0.42 0.0
0.43 0.0
0.44 0.0
0.45 0.0
0.46 0.0
0.47 0.0
0.48 0.0
0.49 0.0
0.5 0.0
0.51 0.0
0.52 0.0
0.53 0.0
0.54 0.0
0.55 0.0
0.56 0.0
0.57 0.0
0.58 0.0
0.59 0.0
0.6 0.0
0.61 0.0
0.62 0.0
0.63 0.0
0.64 0.0
0.65 0.0
0.66 0.0
0.67 0.0
0.68 0.0
0.69 0.0
0.7 0.0
0.71 0.0
0.72 0.0
0.73 0.0
0.74 0.0
0.75 0.0
0.76 0.0
0.77 0.0
0.78 0.0
0.79 0.0
0.8 0.0
0.81 0.0
0.82 0.0
0.83 0.0
0.84 0.0
0.85 0.0
0.86 0.0
0.87 0.0
0.88 0.0
0.89 0.0
0.9 0.0
0.91 0.0
0.92 0.0
0.93 0.0
0.94 0.0
0.95 0.0
0.96 0.0
0.97 0.0
0.98 0.0
0.99 0.0
1.0 0.0
1.01 0.0
1.02 0.0
1.03 11.451867800071664
1.04 23.20039935055464
1.05 23.400897865754168
1.06 23.59700238018353
1.07 23.78902078867357
1.08 23.97717764243423
1.09 24.161715295814446
1.1 24.34282169442541
1.11 24.520689499575877
1.12 24.695485496794856
1.13 24.867374006246457
1.14 25.03647632368979
1.15 25.205612450659693
1.16 25.36688526787337
1.17 25.528434132260116
1.18 25.68766822848775
1.19 25.844698317597366
1.2 25.999616239525423
1.21 26.152503401483806
1.22 26.303433021818226
1.23 26.45377969036742
1.24 26.599731423785716
1.25 26.74523803585608
1.26 26.889068348221716
1.27 27.03126868783275
1.28 27.1719070063999
1.29 27.31102264957939
1.3 27.448670542253968
1.31 27.58576503439641
1.32 27.71976254546554
1.33 27.853291145936137
1.34 27.985506267321316
1.35 28.116485128513197
1.36 28.246250366936124
1.37 28.374809406543992
1.38 28.502221615649724
1.39 28.62852024051263
1.4 28.75370493377327
1.41 28.877852912706103
1.42 29.000965662086404
1.43 29.12305803779936
1.44 29.244165189244576
1.45 29.364315950473344
1.46 29.48353487207672
1.47 29.601826500586707
1.48 29.71924214265454
1.49 29.835791818552273
1.5 29.951472385253293
1.51 30.066332735813532
1.52 30.18037447816074
1.53 30.293621258816998
1.54 30.40608371092481
1.55 30.51779263053009
1.56 30.6287440089663
1.57 30.73898112182421
1.58 30.848480101449894
1.59 30.957301165006367
1.6 31.06542387286251
1.61 31.172874968559945
1.62 31.2796588657593
1.63 31.38579643691921
1.64 31.491299862416966
1.65 31.59619528526375
1.66 31.700456034268164
1.67 31.804125730252448
1.68 31.907195897150416
1.69 32.00968749495122
1.7 32.11160963790083
1.71 32.21298299018389
1.72 32.313801733349926
1.73 32.41408932538669
1.74 32.51383619741493
1.75 32.61305786026972
1.76 32.711765288314176
1.77 32.80996176450377
1.78 32.907668199453134
1.79 33.004885791889976
1.8 33.101621980730144
1.81 33.1978865508171
1.82 33.29367469268191
1.83 33.38901136599313
1.84 33.483899714986954
1.85 33.57832912582412
1.86 33.67368817313606
1.87 33.76589866799242
1.88 33.85903075204465
1.89 33.95175731661919
1.9 34.044045430731096
1.91 34.135950987941456
1.92 34.230604918322236
1.93 34.318541049345626
1.94 34.40925226691186
1.95 34.49957609221068
1.96 34.58952209163843
1.97 34.679074070035234
1.98 34.7682730185132
1.99 34.857119200647574
2.0 34.94558758736979
0.8 0.0
0.9 0.0
1.0 22.347795549473194
0.9 19.642944834470807
0.7 0.0
0.7 0.0
0.8 0.0
0.9 0.0
0.95 0.0
1.0 0.0
1.01 0.0
1.02 0.0
1.03 11.451867800071664
1.04 23.20039935055464
1.05 23.400897865754168
0.7 0.0
0.8 0.0
0.9 0.0
0.9 0.0
0 0.0
0 0.0
0 0.0
0 0.0
0.1 0.0
0.2 0.0
0.3 0.0
0.4 0.0
0.5 0.0
0.6 0.0
0.7 0.0
0.8 0.0
0.9 0.0
0.95 14.192449616868451
1.0 13.60683062891696
1.01 12.921009561483237
1.02 13.454543823618968
1.03 13.361469208652391
1.04 21.19805899500395
1.05 23.400971140175855
0.7 0.0
0.8 0.0
0.9 0.0
0.95 0.0
1.0 0.0
1.01 0.0
0.7 0.0
0.8 0.0
0.9 0.0
0.95 0.0
1.0 0.0
1.01 13.287270794550754
1.02 11.622992392210026
1.03 12.825183997685947
1.04 23.16602316597428
1.04 13.087672866379458
1.03 13.360648436839885
1.02 13.457541456741406
0.7 0.0
0.8 14.558159848580578
0.9 14.298991921063703
0.95 14.023770290672346
1.0 13.620637990719725
1.01 13.589172147668982
1.02 13.472368172913551
1.03 13.36273134232255
1.04 13.13504283486755
0.7 0.0
0.8 14.558159848580578
0.9 14.298991921063703
0.95 14.023770290672346
1.0 13.620637990719725
1.01 13.589172147668982
1.01 13.536277222994423
1.02 13.472368172913551
1.03 13.36273134232255
0.7 0.0
0.8 14.558159848580578
0.9 14.298991921063703
0.95 14.023770290672346
1.0 13.620637990719725
1.01 13.589172147668982
1.011 13.582896416868138
1.012 13.57257254543646
1.013 13.561344742980907
1.014 13.5501355013912
1.015 13.538761474136527
0.7 0.0
0.8 0.0
0.9 0.0
0.95 0.0
1.0 0.0
1.01 0.0
1.02 12.613521695174683
1.03 12.957095646925058
1.04 23.200393736836848
1.04 23.200393736836926
1.04 13.087672866379458
0.7 0.0
0.8 14.558159848580578
0.9 14.298991921063703
0.95 14.023770290672346
1.0 13.620637990719725
1.01 13.589172147668982
1.02 13.472368172913551
1.03 13.36273134232255
1.04 13.13504283486755
0.7 0.0
0.8 14.558159848580578
0.9 14.298991921063703
0.95 14.023770290672346
1.0 13.620637990719725
1.01 13.589172147668982
1.02 13.472368172913551
1.03 13.36273134232255
1.04 13.13504283486755
1.05 23.401050122189236
0.7 0.0
0.8 14.558159848580578
0.9 14.298991921063703
0.95 14.023770290672346
1.0 13.620637990719725
1.01 13.589172147668982
1.011 13.582896416868138
1.01 13.536480815835743
1.009 13.544018058727897
1.00085 13.601946589726763
1.0009 12.320159888329881
0.7 0.0
0.8 14.558159848580578
0.9 14.298991921063703
0.95 14.023770290672346
1.0 13.620637990719725
1.01 13.589172147668982
1.02 13.472368172913551
0.7 0.0
0.8 0.0
0.9 0.0
0.95 0.0
1.0 0.0
1.01 0.0
1.02 12.613521695174683
1.03 12.957095646925058
1.031 12.819862240268305
1.032 13.340341459766481
1.033 13.329850517556503
1.034 13.319395057678763
1.035 13.308794962939022
0.7 0.0
0.8 0.0
0.9 0.0
0.95 0.0
1.0 0.0
1.01 0.0
1.02 12.613521695174683
1.03 12.957095646925058
1.031 12.819862240268305
1.032 13.340341459766481
1.033 13.329850517556503
1.0331 13.328791671371404
1.0332 13.19312718885861
1.0333 13.326710362508278
1.0334 13.325669951807082
1.0335 13.324629703542062
1.0336 13.323589617675179
1.0337 13.322513837632519
1.0338 13.321474082044478
1.0339 13.320434488739222
1.034 13.31935921812172
1.0341 13.318319954860733
1.0339 13.320452411387075
1.03395 13.319878910576868
1.03391 13.320344876223427
1.0339 12.204916613322094
1.033 0.0
0.7 0.0
0.8 0.0
0.9 0.0
0.95 0.0
1.0 0.0
1.01 0.0
1.02 0.0
1.033 11.730267823585503
1.034 13.319395057678763
1.035 13.308794962939022
1.036 13.297943789036411
1.036 13.297997375709746
1.033 11.730267823585503
1.034 13.319395057678763
1.035 13.308794962939022
1.0351 13.307703682182998
1.0352 13.306630465848327
1.0352 13.306612580375573
1.0353 13.305557422601357
1.0354 13.304466672696066
1.0355 13.303411855203189
1.0356 13.302321457029572
1.0357 13.301249108596771
1.0358 13.300176933041833
1.0359 13.299087065075055
1.036 13.298015238030027
1.037 13.282136733945284
1.03 12.479592196643889
1.03 12.107952837728133
1.03 0.0
1.03 0.0
1.03 12.649843796110881
1.03 0.0
1.03 12.107952837728133
1.03 0.0
1.03 12.107952837728133
1.03 12.107952837728133
0.7 0.0
1.03 12.107952837728133
1.03 0.0
1.03 12.107952837728133
1.03 12.107952837728133
1.03 12.107952837728133
1.03 12.107952837728133
1.03 12.107952837728133
1.03 12.107952837728133
1.03 12.107952837728133
1.03 12.107952837728133
0.7 0.0
0.8 0.0
0.9 0.0
0.95 0.0
1.0 0.0
1.01 0.0
1.02 12.613521695174683
1.03 12.957095646925058
1.03 0.0
0.7 0.0
0.8 0.0
0.9 0.0
0.95 0.0
1.0 0.0
1.01 0.0
1.02 12.613521695174683
1.03 12.957095646925058
0.7 0.0
0.8 0.0
0.9 0.0
0.95 0.0
1.0 0.0
1.01 0.0
1.02 12.613521695174683
1.03 12.957095646925058
1.03 22.99521403769957
1.03 22.99521403769957
1.03 22.995214037699956
1.03 22.995214037701864
1.03 22.99523651068529
1.03 22.995205767650656
1.03 23.092369478393653
1.03 23.089610779916985
1.03 13.054763714146642
1.031 12.9489340219395
1.032 13.340234146464892
1.033 13.329886413488579
1.034 13.319395057571798
1.035 13.308772598725287
1.036 13.297885737187517
1.036 13.297885737187517
1.036 13.297885737187517
1.03 13.054763714146642
1.03 13.054763714146642
1.0358884 13.295474804849785
1.036 13.297189155816156
1.0361 13.296733738221663
